{
 "cells": [
  {
   "attachments": {},
   "cell_type": "markdown",
   "metadata": {},
   "source": [
    "# Importando as bibliotecas necessarias"
   ]
  },
  {
   "cell_type": "code",
   "execution_count": 1,
   "metadata": {},
   "outputs": [],
   "source": [
    "import pandas as pd\n",
    "import numpy as np\n",
    "import matplotlib.pyplot as plt\n",
    "import seaborn as sns\n",
    "%matplotlib inline\n"
   ]
  },
  {
   "attachments": {},
   "cell_type": "markdown",
   "metadata": {},
   "source": [
    "# Lendo o dataset"
   ]
  },
  {
   "cell_type": "code",
   "execution_count": 2,
   "metadata": {},
   "outputs": [
    {
     "data": {
      "text/html": [
       "<div>\n",
       "<style scoped>\n",
       "    .dataframe tbody tr th:only-of-type {\n",
       "        vertical-align: middle;\n",
       "    }\n",
       "\n",
       "    .dataframe tbody tr th {\n",
       "        vertical-align: top;\n",
       "    }\n",
       "\n",
       "    .dataframe thead th {\n",
       "        text-align: right;\n",
       "    }\n",
       "</style>\n",
       "<table border=\"1\" class=\"dataframe\">\n",
       "  <thead>\n",
       "    <tr style=\"text-align: right;\">\n",
       "      <th></th>\n",
       "      <th>Age</th>\n",
       "      <th>Sex</th>\n",
       "      <th>HighChol</th>\n",
       "      <th>CholCheck</th>\n",
       "      <th>BMI</th>\n",
       "      <th>Smoker</th>\n",
       "      <th>HeartDiseaseorAttack</th>\n",
       "      <th>PhysActivity</th>\n",
       "      <th>Fruits</th>\n",
       "      <th>Veggies</th>\n",
       "      <th>HvyAlcoholConsump</th>\n",
       "      <th>GenHlth</th>\n",
       "      <th>MentHlth</th>\n",
       "      <th>PhysHlth</th>\n",
       "      <th>DiffWalk</th>\n",
       "      <th>Stroke</th>\n",
       "      <th>HighBP</th>\n",
       "      <th>Diabetes</th>\n",
       "    </tr>\n",
       "  </thead>\n",
       "  <tbody>\n",
       "    <tr>\n",
       "      <th>0</th>\n",
       "      <td>4.0</td>\n",
       "      <td>1.0</td>\n",
       "      <td>0.0</td>\n",
       "      <td>1.0</td>\n",
       "      <td>26.0</td>\n",
       "      <td>0.0</td>\n",
       "      <td>0.0</td>\n",
       "      <td>1.0</td>\n",
       "      <td>0.0</td>\n",
       "      <td>1.0</td>\n",
       "      <td>0.0</td>\n",
       "      <td>3.0</td>\n",
       "      <td>5.0</td>\n",
       "      <td>30.0</td>\n",
       "      <td>0.0</td>\n",
       "      <td>0.0</td>\n",
       "      <td>1.0</td>\n",
       "      <td>0.0</td>\n",
       "    </tr>\n",
       "    <tr>\n",
       "      <th>1</th>\n",
       "      <td>12.0</td>\n",
       "      <td>1.0</td>\n",
       "      <td>1.0</td>\n",
       "      <td>1.0</td>\n",
       "      <td>26.0</td>\n",
       "      <td>1.0</td>\n",
       "      <td>0.0</td>\n",
       "      <td>0.0</td>\n",
       "      <td>1.0</td>\n",
       "      <td>0.0</td>\n",
       "      <td>0.0</td>\n",
       "      <td>3.0</td>\n",
       "      <td>0.0</td>\n",
       "      <td>0.0</td>\n",
       "      <td>0.0</td>\n",
       "      <td>1.0</td>\n",
       "      <td>1.0</td>\n",
       "      <td>0.0</td>\n",
       "    </tr>\n",
       "    <tr>\n",
       "      <th>2</th>\n",
       "      <td>13.0</td>\n",
       "      <td>1.0</td>\n",
       "      <td>0.0</td>\n",
       "      <td>1.0</td>\n",
       "      <td>26.0</td>\n",
       "      <td>0.0</td>\n",
       "      <td>0.0</td>\n",
       "      <td>1.0</td>\n",
       "      <td>1.0</td>\n",
       "      <td>1.0</td>\n",
       "      <td>0.0</td>\n",
       "      <td>1.0</td>\n",
       "      <td>0.0</td>\n",
       "      <td>10.0</td>\n",
       "      <td>0.0</td>\n",
       "      <td>0.0</td>\n",
       "      <td>0.0</td>\n",
       "      <td>0.0</td>\n",
       "    </tr>\n",
       "    <tr>\n",
       "      <th>3</th>\n",
       "      <td>11.0</td>\n",
       "      <td>1.0</td>\n",
       "      <td>1.0</td>\n",
       "      <td>1.0</td>\n",
       "      <td>28.0</td>\n",
       "      <td>1.0</td>\n",
       "      <td>0.0</td>\n",
       "      <td>1.0</td>\n",
       "      <td>1.0</td>\n",
       "      <td>1.0</td>\n",
       "      <td>0.0</td>\n",
       "      <td>3.0</td>\n",
       "      <td>0.0</td>\n",
       "      <td>3.0</td>\n",
       "      <td>0.0</td>\n",
       "      <td>0.0</td>\n",
       "      <td>1.0</td>\n",
       "      <td>0.0</td>\n",
       "    </tr>\n",
       "    <tr>\n",
       "      <th>4</th>\n",
       "      <td>8.0</td>\n",
       "      <td>0.0</td>\n",
       "      <td>0.0</td>\n",
       "      <td>1.0</td>\n",
       "      <td>29.0</td>\n",
       "      <td>1.0</td>\n",
       "      <td>0.0</td>\n",
       "      <td>1.0</td>\n",
       "      <td>1.0</td>\n",
       "      <td>1.0</td>\n",
       "      <td>0.0</td>\n",
       "      <td>2.0</td>\n",
       "      <td>0.0</td>\n",
       "      <td>0.0</td>\n",
       "      <td>0.0</td>\n",
       "      <td>0.0</td>\n",
       "      <td>0.0</td>\n",
       "      <td>0.0</td>\n",
       "    </tr>\n",
       "  </tbody>\n",
       "</table>\n",
       "</div>"
      ],
      "text/plain": [
       "    Age  Sex  HighChol  CholCheck   BMI  Smoker  HeartDiseaseorAttack  \\\n",
       "0   4.0  1.0       0.0        1.0  26.0     0.0                   0.0   \n",
       "1  12.0  1.0       1.0        1.0  26.0     1.0                   0.0   \n",
       "2  13.0  1.0       0.0        1.0  26.0     0.0                   0.0   \n",
       "3  11.0  1.0       1.0        1.0  28.0     1.0                   0.0   \n",
       "4   8.0  0.0       0.0        1.0  29.0     1.0                   0.0   \n",
       "\n",
       "   PhysActivity  Fruits  Veggies  HvyAlcoholConsump  GenHlth  MentHlth  \\\n",
       "0           1.0     0.0      1.0                0.0      3.0       5.0   \n",
       "1           0.0     1.0      0.0                0.0      3.0       0.0   \n",
       "2           1.0     1.0      1.0                0.0      1.0       0.0   \n",
       "3           1.0     1.0      1.0                0.0      3.0       0.0   \n",
       "4           1.0     1.0      1.0                0.0      2.0       0.0   \n",
       "\n",
       "   PhysHlth  DiffWalk  Stroke  HighBP  Diabetes  \n",
       "0      30.0       0.0     0.0     1.0       0.0  \n",
       "1       0.0       0.0     1.0     1.0       0.0  \n",
       "2      10.0       0.0     0.0     0.0       0.0  \n",
       "3       3.0       0.0     0.0     1.0       0.0  \n",
       "4       0.0       0.0     0.0     0.0       0.0  "
      ]
     },
     "execution_count": 2,
     "metadata": {},
     "output_type": "execute_result"
    }
   ],
   "source": [
    "df = pd.read_csv('dataset/diabetes_data.csv')\n",
    "df.head()"
   ]
  },
  {
   "cell_type": "code",
   "execution_count": 3,
   "metadata": {},
   "outputs": [
    {
     "data": {
      "text/plain": [
       "(70692, 18)"
      ]
     },
     "execution_count": 3,
     "metadata": {},
     "output_type": "execute_result"
    }
   ],
   "source": [
    "df.shape"
   ]
  },
  {
   "cell_type": "code",
   "execution_count": 4,
   "metadata": {},
   "outputs": [
    {
     "name": "stdout",
     "output_type": "stream",
     "text": [
      "<class 'pandas.core.frame.DataFrame'>\n",
      "RangeIndex: 70692 entries, 0 to 70691\n",
      "Data columns (total 18 columns):\n",
      " #   Column                Non-Null Count  Dtype  \n",
      "---  ------                --------------  -----  \n",
      " 0   Age                   70692 non-null  float64\n",
      " 1   Sex                   70692 non-null  float64\n",
      " 2   HighChol              70692 non-null  float64\n",
      " 3   CholCheck             70692 non-null  float64\n",
      " 4   BMI                   70692 non-null  float64\n",
      " 5   Smoker                70692 non-null  float64\n",
      " 6   HeartDiseaseorAttack  70692 non-null  float64\n",
      " 7   PhysActivity          70692 non-null  float64\n",
      " 8   Fruits                70692 non-null  float64\n",
      " 9   Veggies               70692 non-null  float64\n",
      " 10  HvyAlcoholConsump     70692 non-null  float64\n",
      " 11  GenHlth               70692 non-null  float64\n",
      " 12  MentHlth              70692 non-null  float64\n",
      " 13  PhysHlth              70692 non-null  float64\n",
      " 14  DiffWalk              70692 non-null  float64\n",
      " 15  Stroke                70692 non-null  float64\n",
      " 16  HighBP                70692 non-null  float64\n",
      " 17  Diabetes              70692 non-null  float64\n",
      "dtypes: float64(18)\n",
      "memory usage: 9.7 MB\n"
     ]
    }
   ],
   "source": [
    "df.info()\n"
   ]
  },
  {
   "cell_type": "code",
   "execution_count": 5,
   "metadata": {},
   "outputs": [],
   "source": [
    "X = df.drop('Diabetes', axis=1)\n",
    "y = df['Diabetes']"
   ]
  },
  {
   "cell_type": "code",
   "execution_count": 6,
   "metadata": {},
   "outputs": [
    {
     "data": {
      "text/plain": [
       "Age                     0\n",
       "Sex                     0\n",
       "HighChol                0\n",
       "CholCheck               0\n",
       "BMI                     0\n",
       "Smoker                  0\n",
       "HeartDiseaseorAttack    0\n",
       "PhysActivity            0\n",
       "Fruits                  0\n",
       "Veggies                 0\n",
       "HvyAlcoholConsump       0\n",
       "GenHlth                 0\n",
       "MentHlth                0\n",
       "PhysHlth                0\n",
       "DiffWalk                0\n",
       "Stroke                  0\n",
       "HighBP                  0\n",
       "dtype: int64"
      ]
     },
     "execution_count": 6,
     "metadata": {},
     "output_type": "execute_result"
    }
   ],
   "source": [
    "X.isna().sum()"
   ]
  },
  {
   "cell_type": "code",
   "execution_count": 7,
   "metadata": {},
   "outputs": [
    {
     "data": {
      "text/plain": [
       "0"
      ]
     },
     "execution_count": 7,
     "metadata": {},
     "output_type": "execute_result"
    }
   ],
   "source": [
    "y.isna().sum()"
   ]
  },
  {
   "cell_type": "code",
   "execution_count": 8,
   "metadata": {},
   "outputs": [
    {
     "data": {
      "text/html": [
       "<div>\n",
       "<style scoped>\n",
       "    .dataframe tbody tr th:only-of-type {\n",
       "        vertical-align: middle;\n",
       "    }\n",
       "\n",
       "    .dataframe tbody tr th {\n",
       "        vertical-align: top;\n",
       "    }\n",
       "\n",
       "    .dataframe thead th {\n",
       "        text-align: right;\n",
       "    }\n",
       "</style>\n",
       "<table border=\"1\" class=\"dataframe\">\n",
       "  <thead>\n",
       "    <tr style=\"text-align: right;\">\n",
       "      <th></th>\n",
       "      <th>Age</th>\n",
       "      <th>Sex</th>\n",
       "      <th>HighChol</th>\n",
       "      <th>CholCheck</th>\n",
       "      <th>BMI</th>\n",
       "      <th>Smoker</th>\n",
       "      <th>HeartDiseaseorAttack</th>\n",
       "      <th>PhysActivity</th>\n",
       "      <th>Fruits</th>\n",
       "      <th>Veggies</th>\n",
       "      <th>HvyAlcoholConsump</th>\n",
       "      <th>GenHlth</th>\n",
       "      <th>MentHlth</th>\n",
       "      <th>PhysHlth</th>\n",
       "      <th>DiffWalk</th>\n",
       "      <th>Stroke</th>\n",
       "      <th>HighBP</th>\n",
       "      <th>Diabetes</th>\n",
       "    </tr>\n",
       "  </thead>\n",
       "  <tbody>\n",
       "    <tr>\n",
       "      <th>Age</th>\n",
       "      <td>1.000000</td>\n",
       "      <td>-0.002315</td>\n",
       "      <td>0.240338</td>\n",
       "      <td>0.101743</td>\n",
       "      <td>-0.038648</td>\n",
       "      <td>0.105424</td>\n",
       "      <td>0.221878</td>\n",
       "      <td>-0.100753</td>\n",
       "      <td>0.061096</td>\n",
       "      <td>-0.018893</td>\n",
       "      <td>-0.057705</td>\n",
       "      <td>0.155624</td>\n",
       "      <td>-0.101746</td>\n",
       "      <td>0.084852</td>\n",
       "      <td>0.195265</td>\n",
       "      <td>0.123879</td>\n",
       "      <td>0.338132</td>\n",
       "      <td>0.278738</td>\n",
       "    </tr>\n",
       "    <tr>\n",
       "      <th>Sex</th>\n",
       "      <td>-0.002315</td>\n",
       "      <td>1.000000</td>\n",
       "      <td>0.017324</td>\n",
       "      <td>-0.007991</td>\n",
       "      <td>0.000827</td>\n",
       "      <td>0.112125</td>\n",
       "      <td>0.098161</td>\n",
       "      <td>0.051753</td>\n",
       "      <td>-0.088723</td>\n",
       "      <td>-0.052604</td>\n",
       "      <td>0.014164</td>\n",
       "      <td>-0.014555</td>\n",
       "      <td>-0.089204</td>\n",
       "      <td>-0.045957</td>\n",
       "      <td>-0.082248</td>\n",
       "      <td>0.003822</td>\n",
       "      <td>0.040819</td>\n",
       "      <td>0.044413</td>\n",
       "    </tr>\n",
       "    <tr>\n",
       "      <th>HighChol</th>\n",
       "      <td>0.240338</td>\n",
       "      <td>0.017324</td>\n",
       "      <td>1.000000</td>\n",
       "      <td>0.085981</td>\n",
       "      <td>0.131309</td>\n",
       "      <td>0.093398</td>\n",
       "      <td>0.181187</td>\n",
       "      <td>-0.090453</td>\n",
       "      <td>-0.047384</td>\n",
       "      <td>-0.042836</td>\n",
       "      <td>-0.025443</td>\n",
       "      <td>0.237778</td>\n",
       "      <td>0.083881</td>\n",
       "      <td>0.142610</td>\n",
       "      <td>0.162043</td>\n",
       "      <td>0.099786</td>\n",
       "      <td>0.316515</td>\n",
       "      <td>0.289213</td>\n",
       "    </tr>\n",
       "    <tr>\n",
       "      <th>CholCheck</th>\n",
       "      <td>0.101743</td>\n",
       "      <td>-0.007991</td>\n",
       "      <td>0.085981</td>\n",
       "      <td>1.000000</td>\n",
       "      <td>0.045648</td>\n",
       "      <td>-0.004331</td>\n",
       "      <td>0.043497</td>\n",
       "      <td>-0.008249</td>\n",
       "      <td>0.017384</td>\n",
       "      <td>0.000349</td>\n",
       "      <td>-0.027146</td>\n",
       "      <td>0.059213</td>\n",
       "      <td>-0.010660</td>\n",
       "      <td>0.034540</td>\n",
       "      <td>0.044430</td>\n",
       "      <td>0.022529</td>\n",
       "      <td>0.103283</td>\n",
       "      <td>0.115382</td>\n",
       "    </tr>\n",
       "    <tr>\n",
       "      <th>BMI</th>\n",
       "      <td>-0.038648</td>\n",
       "      <td>0.000827</td>\n",
       "      <td>0.131309</td>\n",
       "      <td>0.045648</td>\n",
       "      <td>1.000000</td>\n",
       "      <td>0.011551</td>\n",
       "      <td>0.060355</td>\n",
       "      <td>-0.170936</td>\n",
       "      <td>-0.084505</td>\n",
       "      <td>-0.056528</td>\n",
       "      <td>-0.058232</td>\n",
       "      <td>0.267888</td>\n",
       "      <td>0.104682</td>\n",
       "      <td>0.161862</td>\n",
       "      <td>0.246094</td>\n",
       "      <td>0.022931</td>\n",
       "      <td>0.241019</td>\n",
       "      <td>0.293373</td>\n",
       "    </tr>\n",
       "    <tr>\n",
       "      <th>Smoker</th>\n",
       "      <td>0.105424</td>\n",
       "      <td>0.112125</td>\n",
       "      <td>0.093398</td>\n",
       "      <td>-0.004331</td>\n",
       "      <td>0.011551</td>\n",
       "      <td>1.000000</td>\n",
       "      <td>0.124418</td>\n",
       "      <td>-0.079823</td>\n",
       "      <td>-0.074811</td>\n",
       "      <td>-0.029926</td>\n",
       "      <td>0.077835</td>\n",
       "      <td>0.152416</td>\n",
       "      <td>0.091257</td>\n",
       "      <td>0.120698</td>\n",
       "      <td>0.119789</td>\n",
       "      <td>0.064658</td>\n",
       "      <td>0.087438</td>\n",
       "      <td>0.085999</td>\n",
       "    </tr>\n",
       "    <tr>\n",
       "      <th>HeartDiseaseorAttack</th>\n",
       "      <td>0.221878</td>\n",
       "      <td>0.098161</td>\n",
       "      <td>0.181187</td>\n",
       "      <td>0.043497</td>\n",
       "      <td>0.060355</td>\n",
       "      <td>0.124418</td>\n",
       "      <td>1.000000</td>\n",
       "      <td>-0.098223</td>\n",
       "      <td>-0.019436</td>\n",
       "      <td>-0.036315</td>\n",
       "      <td>-0.037130</td>\n",
       "      <td>0.275868</td>\n",
       "      <td>0.075057</td>\n",
       "      <td>0.198416</td>\n",
       "      <td>0.232611</td>\n",
       "      <td>0.223394</td>\n",
       "      <td>0.210750</td>\n",
       "      <td>0.211523</td>\n",
       "    </tr>\n",
       "    <tr>\n",
       "      <th>PhysActivity</th>\n",
       "      <td>-0.100753</td>\n",
       "      <td>0.051753</td>\n",
       "      <td>-0.090453</td>\n",
       "      <td>-0.008249</td>\n",
       "      <td>-0.170936</td>\n",
       "      <td>-0.079823</td>\n",
       "      <td>-0.098223</td>\n",
       "      <td>1.000000</td>\n",
       "      <td>0.133813</td>\n",
       "      <td>0.149322</td>\n",
       "      <td>0.019111</td>\n",
       "      <td>-0.273548</td>\n",
       "      <td>-0.130090</td>\n",
       "      <td>-0.234500</td>\n",
       "      <td>-0.276868</td>\n",
       "      <td>-0.079985</td>\n",
       "      <td>-0.136102</td>\n",
       "      <td>-0.158666</td>\n",
       "    </tr>\n",
       "    <tr>\n",
       "      <th>Fruits</th>\n",
       "      <td>0.061096</td>\n",
       "      <td>-0.088723</td>\n",
       "      <td>-0.047384</td>\n",
       "      <td>0.017384</td>\n",
       "      <td>-0.084505</td>\n",
       "      <td>-0.074811</td>\n",
       "      <td>-0.019436</td>\n",
       "      <td>0.133813</td>\n",
       "      <td>1.000000</td>\n",
       "      <td>0.238605</td>\n",
       "      <td>-0.033246</td>\n",
       "      <td>-0.098687</td>\n",
       "      <td>-0.062102</td>\n",
       "      <td>-0.048572</td>\n",
       "      <td>-0.050784</td>\n",
       "      <td>-0.008996</td>\n",
       "      <td>-0.040852</td>\n",
       "      <td>-0.054077</td>\n",
       "    </tr>\n",
       "    <tr>\n",
       "      <th>Veggies</th>\n",
       "      <td>-0.018893</td>\n",
       "      <td>-0.052604</td>\n",
       "      <td>-0.042836</td>\n",
       "      <td>0.000349</td>\n",
       "      <td>-0.056528</td>\n",
       "      <td>-0.029926</td>\n",
       "      <td>-0.036315</td>\n",
       "      <td>0.149322</td>\n",
       "      <td>0.238605</td>\n",
       "      <td>1.000000</td>\n",
       "      <td>0.022090</td>\n",
       "      <td>-0.115795</td>\n",
       "      <td>-0.052359</td>\n",
       "      <td>-0.066896</td>\n",
       "      <td>-0.084072</td>\n",
       "      <td>-0.047601</td>\n",
       "      <td>-0.066624</td>\n",
       "      <td>-0.079293</td>\n",
       "    </tr>\n",
       "    <tr>\n",
       "      <th>HvyAlcoholConsump</th>\n",
       "      <td>-0.057705</td>\n",
       "      <td>0.014164</td>\n",
       "      <td>-0.025443</td>\n",
       "      <td>-0.027146</td>\n",
       "      <td>-0.058232</td>\n",
       "      <td>0.077835</td>\n",
       "      <td>-0.037130</td>\n",
       "      <td>0.019111</td>\n",
       "      <td>-0.033246</td>\n",
       "      <td>0.022090</td>\n",
       "      <td>1.000000</td>\n",
       "      <td>-0.058796</td>\n",
       "      <td>0.015626</td>\n",
       "      <td>-0.036257</td>\n",
       "      <td>-0.049294</td>\n",
       "      <td>-0.023395</td>\n",
       "      <td>-0.027030</td>\n",
       "      <td>-0.094853</td>\n",
       "    </tr>\n",
       "    <tr>\n",
       "      <th>GenHlth</th>\n",
       "      <td>0.155624</td>\n",
       "      <td>-0.014555</td>\n",
       "      <td>0.237778</td>\n",
       "      <td>0.059213</td>\n",
       "      <td>0.267888</td>\n",
       "      <td>0.152416</td>\n",
       "      <td>0.275868</td>\n",
       "      <td>-0.273548</td>\n",
       "      <td>-0.098687</td>\n",
       "      <td>-0.115795</td>\n",
       "      <td>-0.058796</td>\n",
       "      <td>1.000000</td>\n",
       "      <td>0.315077</td>\n",
       "      <td>0.552757</td>\n",
       "      <td>0.476639</td>\n",
       "      <td>0.189447</td>\n",
       "      <td>0.320540</td>\n",
       "      <td>0.407612</td>\n",
       "    </tr>\n",
       "    <tr>\n",
       "      <th>MentHlth</th>\n",
       "      <td>-0.101746</td>\n",
       "      <td>-0.089204</td>\n",
       "      <td>0.083881</td>\n",
       "      <td>-0.010660</td>\n",
       "      <td>0.104682</td>\n",
       "      <td>0.091257</td>\n",
       "      <td>0.075057</td>\n",
       "      <td>-0.130090</td>\n",
       "      <td>-0.062102</td>\n",
       "      <td>-0.052359</td>\n",
       "      <td>0.015626</td>\n",
       "      <td>0.315077</td>\n",
       "      <td>1.000000</td>\n",
       "      <td>0.380272</td>\n",
       "      <td>0.251489</td>\n",
       "      <td>0.087303</td>\n",
       "      <td>0.064294</td>\n",
       "      <td>0.087029</td>\n",
       "    </tr>\n",
       "    <tr>\n",
       "      <th>PhysHlth</th>\n",
       "      <td>0.084852</td>\n",
       "      <td>-0.045957</td>\n",
       "      <td>0.142610</td>\n",
       "      <td>0.034540</td>\n",
       "      <td>0.161862</td>\n",
       "      <td>0.120698</td>\n",
       "      <td>0.198416</td>\n",
       "      <td>-0.234500</td>\n",
       "      <td>-0.048572</td>\n",
       "      <td>-0.066896</td>\n",
       "      <td>-0.036257</td>\n",
       "      <td>0.552757</td>\n",
       "      <td>0.380272</td>\n",
       "      <td>1.000000</td>\n",
       "      <td>0.487976</td>\n",
       "      <td>0.164488</td>\n",
       "      <td>0.173922</td>\n",
       "      <td>0.213081</td>\n",
       "    </tr>\n",
       "    <tr>\n",
       "      <th>DiffWalk</th>\n",
       "      <td>0.195265</td>\n",
       "      <td>-0.082248</td>\n",
       "      <td>0.162043</td>\n",
       "      <td>0.044430</td>\n",
       "      <td>0.246094</td>\n",
       "      <td>0.119789</td>\n",
       "      <td>0.232611</td>\n",
       "      <td>-0.276868</td>\n",
       "      <td>-0.050784</td>\n",
       "      <td>-0.084072</td>\n",
       "      <td>-0.049294</td>\n",
       "      <td>0.476639</td>\n",
       "      <td>0.251489</td>\n",
       "      <td>0.487976</td>\n",
       "      <td>1.000000</td>\n",
       "      <td>0.192266</td>\n",
       "      <td>0.234784</td>\n",
       "      <td>0.272646</td>\n",
       "    </tr>\n",
       "    <tr>\n",
       "      <th>Stroke</th>\n",
       "      <td>0.123879</td>\n",
       "      <td>0.003822</td>\n",
       "      <td>0.099786</td>\n",
       "      <td>0.022529</td>\n",
       "      <td>0.022931</td>\n",
       "      <td>0.064658</td>\n",
       "      <td>0.223394</td>\n",
       "      <td>-0.079985</td>\n",
       "      <td>-0.008996</td>\n",
       "      <td>-0.047601</td>\n",
       "      <td>-0.023395</td>\n",
       "      <td>0.189447</td>\n",
       "      <td>0.087303</td>\n",
       "      <td>0.164488</td>\n",
       "      <td>0.192266</td>\n",
       "      <td>1.000000</td>\n",
       "      <td>0.129060</td>\n",
       "      <td>0.125427</td>\n",
       "    </tr>\n",
       "    <tr>\n",
       "      <th>HighBP</th>\n",
       "      <td>0.338132</td>\n",
       "      <td>0.040819</td>\n",
       "      <td>0.316515</td>\n",
       "      <td>0.103283</td>\n",
       "      <td>0.241019</td>\n",
       "      <td>0.087438</td>\n",
       "      <td>0.210750</td>\n",
       "      <td>-0.136102</td>\n",
       "      <td>-0.040852</td>\n",
       "      <td>-0.066624</td>\n",
       "      <td>-0.027030</td>\n",
       "      <td>0.320540</td>\n",
       "      <td>0.064294</td>\n",
       "      <td>0.173922</td>\n",
       "      <td>0.234784</td>\n",
       "      <td>0.129060</td>\n",
       "      <td>1.000000</td>\n",
       "      <td>0.381516</td>\n",
       "    </tr>\n",
       "    <tr>\n",
       "      <th>Diabetes</th>\n",
       "      <td>0.278738</td>\n",
       "      <td>0.044413</td>\n",
       "      <td>0.289213</td>\n",
       "      <td>0.115382</td>\n",
       "      <td>0.293373</td>\n",
       "      <td>0.085999</td>\n",
       "      <td>0.211523</td>\n",
       "      <td>-0.158666</td>\n",
       "      <td>-0.054077</td>\n",
       "      <td>-0.079293</td>\n",
       "      <td>-0.094853</td>\n",
       "      <td>0.407612</td>\n",
       "      <td>0.087029</td>\n",
       "      <td>0.213081</td>\n",
       "      <td>0.272646</td>\n",
       "      <td>0.125427</td>\n",
       "      <td>0.381516</td>\n",
       "      <td>1.000000</td>\n",
       "    </tr>\n",
       "  </tbody>\n",
       "</table>\n",
       "</div>"
      ],
      "text/plain": [
       "                           Age       Sex  HighChol  CholCheck       BMI  \\\n",
       "Age                   1.000000 -0.002315  0.240338   0.101743 -0.038648   \n",
       "Sex                  -0.002315  1.000000  0.017324  -0.007991  0.000827   \n",
       "HighChol              0.240338  0.017324  1.000000   0.085981  0.131309   \n",
       "CholCheck             0.101743 -0.007991  0.085981   1.000000  0.045648   \n",
       "BMI                  -0.038648  0.000827  0.131309   0.045648  1.000000   \n",
       "Smoker                0.105424  0.112125  0.093398  -0.004331  0.011551   \n",
       "HeartDiseaseorAttack  0.221878  0.098161  0.181187   0.043497  0.060355   \n",
       "PhysActivity         -0.100753  0.051753 -0.090453  -0.008249 -0.170936   \n",
       "Fruits                0.061096 -0.088723 -0.047384   0.017384 -0.084505   \n",
       "Veggies              -0.018893 -0.052604 -0.042836   0.000349 -0.056528   \n",
       "HvyAlcoholConsump    -0.057705  0.014164 -0.025443  -0.027146 -0.058232   \n",
       "GenHlth               0.155624 -0.014555  0.237778   0.059213  0.267888   \n",
       "MentHlth             -0.101746 -0.089204  0.083881  -0.010660  0.104682   \n",
       "PhysHlth              0.084852 -0.045957  0.142610   0.034540  0.161862   \n",
       "DiffWalk              0.195265 -0.082248  0.162043   0.044430  0.246094   \n",
       "Stroke                0.123879  0.003822  0.099786   0.022529  0.022931   \n",
       "HighBP                0.338132  0.040819  0.316515   0.103283  0.241019   \n",
       "Diabetes              0.278738  0.044413  0.289213   0.115382  0.293373   \n",
       "\n",
       "                        Smoker  HeartDiseaseorAttack  PhysActivity    Fruits  \\\n",
       "Age                   0.105424              0.221878     -0.100753  0.061096   \n",
       "Sex                   0.112125              0.098161      0.051753 -0.088723   \n",
       "HighChol              0.093398              0.181187     -0.090453 -0.047384   \n",
       "CholCheck            -0.004331              0.043497     -0.008249  0.017384   \n",
       "BMI                   0.011551              0.060355     -0.170936 -0.084505   \n",
       "Smoker                1.000000              0.124418     -0.079823 -0.074811   \n",
       "HeartDiseaseorAttack  0.124418              1.000000     -0.098223 -0.019436   \n",
       "PhysActivity         -0.079823             -0.098223      1.000000  0.133813   \n",
       "Fruits               -0.074811             -0.019436      0.133813  1.000000   \n",
       "Veggies              -0.029926             -0.036315      0.149322  0.238605   \n",
       "HvyAlcoholConsump     0.077835             -0.037130      0.019111 -0.033246   \n",
       "GenHlth               0.152416              0.275868     -0.273548 -0.098687   \n",
       "MentHlth              0.091257              0.075057     -0.130090 -0.062102   \n",
       "PhysHlth              0.120698              0.198416     -0.234500 -0.048572   \n",
       "DiffWalk              0.119789              0.232611     -0.276868 -0.050784   \n",
       "Stroke                0.064658              0.223394     -0.079985 -0.008996   \n",
       "HighBP                0.087438              0.210750     -0.136102 -0.040852   \n",
       "Diabetes              0.085999              0.211523     -0.158666 -0.054077   \n",
       "\n",
       "                       Veggies  HvyAlcoholConsump   GenHlth  MentHlth  \\\n",
       "Age                  -0.018893          -0.057705  0.155624 -0.101746   \n",
       "Sex                  -0.052604           0.014164 -0.014555 -0.089204   \n",
       "HighChol             -0.042836          -0.025443  0.237778  0.083881   \n",
       "CholCheck             0.000349          -0.027146  0.059213 -0.010660   \n",
       "BMI                  -0.056528          -0.058232  0.267888  0.104682   \n",
       "Smoker               -0.029926           0.077835  0.152416  0.091257   \n",
       "HeartDiseaseorAttack -0.036315          -0.037130  0.275868  0.075057   \n",
       "PhysActivity          0.149322           0.019111 -0.273548 -0.130090   \n",
       "Fruits                0.238605          -0.033246 -0.098687 -0.062102   \n",
       "Veggies               1.000000           0.022090 -0.115795 -0.052359   \n",
       "HvyAlcoholConsump     0.022090           1.000000 -0.058796  0.015626   \n",
       "GenHlth              -0.115795          -0.058796  1.000000  0.315077   \n",
       "MentHlth             -0.052359           0.015626  0.315077  1.000000   \n",
       "PhysHlth             -0.066896          -0.036257  0.552757  0.380272   \n",
       "DiffWalk             -0.084072          -0.049294  0.476639  0.251489   \n",
       "Stroke               -0.047601          -0.023395  0.189447  0.087303   \n",
       "HighBP               -0.066624          -0.027030  0.320540  0.064294   \n",
       "Diabetes             -0.079293          -0.094853  0.407612  0.087029   \n",
       "\n",
       "                      PhysHlth  DiffWalk    Stroke    HighBP  Diabetes  \n",
       "Age                   0.084852  0.195265  0.123879  0.338132  0.278738  \n",
       "Sex                  -0.045957 -0.082248  0.003822  0.040819  0.044413  \n",
       "HighChol              0.142610  0.162043  0.099786  0.316515  0.289213  \n",
       "CholCheck             0.034540  0.044430  0.022529  0.103283  0.115382  \n",
       "BMI                   0.161862  0.246094  0.022931  0.241019  0.293373  \n",
       "Smoker                0.120698  0.119789  0.064658  0.087438  0.085999  \n",
       "HeartDiseaseorAttack  0.198416  0.232611  0.223394  0.210750  0.211523  \n",
       "PhysActivity         -0.234500 -0.276868 -0.079985 -0.136102 -0.158666  \n",
       "Fruits               -0.048572 -0.050784 -0.008996 -0.040852 -0.054077  \n",
       "Veggies              -0.066896 -0.084072 -0.047601 -0.066624 -0.079293  \n",
       "HvyAlcoholConsump    -0.036257 -0.049294 -0.023395 -0.027030 -0.094853  \n",
       "GenHlth               0.552757  0.476639  0.189447  0.320540  0.407612  \n",
       "MentHlth              0.380272  0.251489  0.087303  0.064294  0.087029  \n",
       "PhysHlth              1.000000  0.487976  0.164488  0.173922  0.213081  \n",
       "DiffWalk              0.487976  1.000000  0.192266  0.234784  0.272646  \n",
       "Stroke                0.164488  0.192266  1.000000  0.129060  0.125427  \n",
       "HighBP                0.173922  0.234784  0.129060  1.000000  0.381516  \n",
       "Diabetes              0.213081  0.272646  0.125427  0.381516  1.000000  "
      ]
     },
     "execution_count": 8,
     "metadata": {},
     "output_type": "execute_result"
    }
   ],
   "source": [
    "corr = df.corr()\n",
    "corr"
   ]
  },
  {
   "cell_type": "code",
   "execution_count": 9,
   "metadata": {},
   "outputs": [
    {
     "data": {
      "text/plain": [
       "Diabetes                1.000000\n",
       "GenHlth                 0.407612\n",
       "HighBP                  0.381516\n",
       "BMI                     0.293373\n",
       "HighChol                0.289213\n",
       "Age                     0.278738\n",
       "DiffWalk                0.272646\n",
       "PhysHlth                0.213081\n",
       "HeartDiseaseorAttack    0.211523\n",
       "Stroke                  0.125427\n",
       "CholCheck               0.115382\n",
       "MentHlth                0.087029\n",
       "Smoker                  0.085999\n",
       "Sex                     0.044413\n",
       "Fruits                 -0.054077\n",
       "Veggies                -0.079293\n",
       "HvyAlcoholConsump      -0.094853\n",
       "PhysActivity           -0.158666\n",
       "Name: Diabetes, dtype: float64"
      ]
     },
     "execution_count": 9,
     "metadata": {},
     "output_type": "execute_result"
    }
   ],
   "source": [
    "corr.loc['Diabetes'].sort_values(ascending=False)\n"
   ]
  },
  {
   "cell_type": "code",
   "execution_count": 9,
   "metadata": {},
   "outputs": [
    {
     "data": {
      "text/plain": [
       "<AxesSubplot: xlabel='Age', ylabel='count'>"
      ]
     },
     "execution_count": 9,
     "metadata": {},
     "output_type": "execute_result"
    },
    {
     "data": {
